1317646534.93
1317646535.03
1317646535.14
1317646535.24
1317646535.34
1317646535.45
1317646535.55
1317646535.66
1317646535.76
1317646535.86
1317646535.97
1317646536.07
1317646536.17
1317646536.28
1317646536.38
1317646536.49
1317646536.59
1317646536.69
1317646536.8
1317646536.9
1317646537.0
1317646537.11
1317646537.21
1317646537.31
1317646537.42
1317646537.52
1317646537.63
1317646537.73
1317646537.83
1317646537.94
1317646538.04
1317646538.14
1317646538.25
1317646538.35
1317646538.45
1317646538.56
1317646538.66
1317646538.77
1317646538.87
1317646538.97
1317646539.08
1317646539.18
1317646539.28
1317646539.39
1317646539.49
1317646539.6
1317646539.7
1317646539.8
1317646539.91
1317646540.01
1317646540.11
1317646540.22
1317646540.32
1317646540.42
1317646540.53
1317646540.63
1317646540.74
1317646540.84
1317646540.94
1317646541.05
1317646541.15
1317646541.25
1317646541.36
1317646541.46
1317646541.56
1317646541.67
1317646541.77
1317646541.88
1317646541.98
1317646542.08
1317646542.19
1317646542.29
1317646542.39
1317646542.5
1317646542.6
1317646542.71
1317646542.81
1317646542.91
1317646543.02
1317646543.12
1317646543.22
1317646543.33
1317646543.43
1317646543.53
1317646543.64
1317646543.74
1317646543.85
1317646543.95
1317646544.05
1317646544.16
1317646544.26
1317646544.36
1317646544.47
1317646544.57
1317646544.68
1317646544.78
1317646544.88
1317646544.99
1317646545.09
1317646545.19
1317646545.3
1317646545.4
1317646545.51
1317646545.61
1317646545.71
1317646545.82
1317646545.92
1317646546.03
1317646546.13
1317646546.23
1317646546.34
1317646546.44
1317646546.55
1317646546.65
1317646546.75
1317646546.86
1317646546.96
1317646547.06
1317646547.17
1317646547.27
1317646547.37
1317646547.48
1317646547.58
1317646547.68
1317646547.79
1317646547.89
1317646548.0
1317646548.1
1317646548.2
1317646548.31
1317646548.41
1317646548.51
1317646548.62
1317646548.72
1317646548.82
1317646548.93
1317646549.03
1317646549.13
1317646549.24
1317646549.34
1317646549.45
1317646549.55
1317646549.65
1317646549.76
1317646549.86
1317646549.96
1317646550.07
1317646550.17
1317646550.28
1317646550.38
1317646550.48
1317646550.59
1317646550.69
1317646550.79
1317646550.9
1317646551.0
1317646551.1
1317646551.21
1317646551.31
1317646551.42
1317646551.52
1317646551.62
1317646551.73
1317646551.83
1317646551.93
1317646552.04
1317646552.14
1317646552.25
1317646552.35
1317646552.45
1317646552.56
1317646552.66
1317646552.76
1317646552.87
1317646552.97
1317646553.07
1317646553.18
1317646553.28
1317646553.39
1317646553.49
1317646553.59
1317646553.7
1317646553.8
1317646553.9
1317646554.01
1317646554.11
1317646554.22
1317646554.32
1317646554.42
1317646554.53
1317646554.63
1317646554.73
1317646554.84
1317646554.94
1317646555.04
1317646555.15
1317646555.25
1317646555.35
1317646555.46
1317646555.56
1317646555.66
1317646555.77
1317646555.87
1317646555.98
1317646556.08
1317646556.18
1317646556.29
1317646556.39
1317646556.49
1317646556.6
1317646556.7
1317646556.8
1317646556.91
1317646557.01
1317646557.12
1317646557.22
1317646557.32
1317646557.43
1317646557.53
1317646557.64
1317646557.74
1317646557.84
1317646557.95
1317646558.05
1317646558.16
1317646558.26
1317646558.36
1317646558.47
1317646558.57
1317646558.68
1317646558.78
1317646558.88
1317646558.99
1317646559.09
1317646559.19
1317646559.3
1317646559.4
1317646559.5
1317646559.61
1317646559.71
1317646559.82
1317646559.92
1317646560.02
1317646560.13
1317646560.23
1317646560.33
1317646560.44
1317646560.54
1317646560.64
1317646560.75
1317646560.85
1317646560.96
1317646561.06
1317646561.16
1317646561.27
1317646561.37
1317646561.47
1317646561.58
1317646561.68
1317646561.78
1317646561.89
1317646561.99
1317646562.1
1317646562.2
1317646562.3
1317646562.41
1317646562.51
1317646562.61
1317646562.72
1317646562.82
1317646562.93
1317646563.03
1317646563.13
1317646563.24
1317646563.34
1317646563.44
1317646563.55
1317646563.65
1317646563.75
1317646563.86
1317646563.96
1317646564.07
1317646564.17
1317646564.27
1317646564.38
1317646564.48
1317646564.58
1317646564.69
1317646564.79
1317646564.89
1317646565.0
1317646565.1
1317646565.21
1317646565.31
1317646565.41
1317646565.52
1317646565.62
1317646565.72
1317646565.83
1317646565.93
1317646566.04
1317646566.14
1317646566.24
1317646566.35
1317646566.45
1317646566.55
1317646566.66
1317646566.76
1317646566.86
1317646566.97
1317646567.07
1317646567.18
1317646567.28
1317646567.38
1317646567.49
1317646567.59
1317646567.69
1317646567.8
1317646567.9
1317646568.0
1317646568.11
1317646568.21
1317646568.32
1317646568.42
1317646568.52
1317646568.63
1317646568.73
1317646568.83
1317646568.94
1317646569.04
1317646569.15
1317646569.25
1317646569.35
1317646569.46
1317646569.56
1317646569.66
1317646569.77
1317646569.87
1317646569.98
1317646570.08
1317646570.18
1317646570.29
1317646570.39
1317646570.49
1317646570.6
1317646570.7
1317646570.8
1317646570.91
1317646571.01
1317646571.12
1317646571.22
1317646571.32
1317646571.43
1317646571.53
1317646571.63
1317646571.74
1317646571.84
1317646571.95
1317646572.05
1317646572.15
1317646572.26
1317646572.36
1317646572.46
1317646572.57
1317646572.67
1317646572.77
1317646572.88
1317646572.98
1317646573.09
1317646573.19
1317646573.29
1317646573.4
1317646573.5
1317646573.6
1317646573.71
1317646573.81
1317646573.91
1317646574.02
1317646574.12
1317646574.23
1317646574.33
1317646574.43
1317646574.54
1317646574.64
1317646574.74
1317646574.85
1317646574.95
1317646575.06
1317646575.16
1317646575.26
1317646575.37
1317646575.47
1317646575.57
1317646575.68
1317646575.78
1317646575.88
1317646575.99
1317646576.09
1317646576.2
1317646576.3
1317646576.4
1317646576.51
1317646576.61
1317646576.71
1317646576.82
1317646576.92
1317646577.02
1317646577.13
1317646577.23
1317646577.34
1317646577.44
1317646577.54
1317646577.65
1317646577.75
1317646577.85
1317646577.96
1317646578.06
1317646578.16
1317646578.27
1317646578.37
1317646578.47
1317646578.58
1317646578.68
1317646578.78
1317646578.89
1317646578.99
1317646579.1
1317646579.2
1317646579.3
1317646579.41
1317646579.51
1317646579.61
1317646579.72
1317646579.82
1317646579.93
1317646580.03
1317646580.13
1317646580.24
1317646580.34
1317646580.44
1317646580.55
1317646580.65
1317646580.76
1317646580.86
1317646580.96
1317646581.07
1317646581.17
1317646581.28
1317646581.38
1317646581.48
1317646581.59
1317646581.69
1317646581.8
1317646581.9
1317646582.0
1317646582.11
1317646582.21
1317646582.31
1317646582.42
1317646582.52
1317646582.63
1317646582.73
1317646582.83
1317646582.94
1317646583.04
1317646583.14
1317646583.25
1317646583.35
1317646583.45
1317646583.56
1317646583.66
1317646583.77
1317646583.87
1317646583.97
1317646584.08
1317646584.18
1317646584.28
1317646584.39
1317646584.49
1317646584.59
1317646584.7
1317646584.8
1317646584.91
1317646585.01
1317646585.11
1317646585.22
1317646585.32
1317646585.42
1317646585.53
1317646585.63
1317646585.74
1317646585.84
1317646585.94
1317646586.05
1317646586.15
1317646586.25
1317646586.36
1317646586.46
1317646586.56
1317646586.67
1317646586.77
1317646586.88
1317646586.98
1317646587.08
1317646587.19
1317646587.29
1317646587.39
1317646587.5
1317646587.6
1317646587.71
1317646587.81
1317646587.91
1317646588.02
1317646588.12
1317646588.22
1317646588.33
1317646588.43
1317646588.53
1317646588.64
1317646588.74
1317646588.85
1317646588.95
1317646589.05
1317646589.16
1317646589.26
1317646589.36
1317646589.47
1317646589.57
1317646589.67
1317646589.78
1317646589.88
1317646589.99
1317646590.09
1317646590.19
1317646590.3
1317646590.4
1317646590.5
1317646590.61
1317646590.71
1317646590.81
1317646590.92
1317646591.02
1317646591.13
1317646591.23
1317646591.33
1317646591.44
1317646591.54
1317646591.64
1317646591.75
1317646591.85
1317646591.95
1317646592.06
1317646592.16
1317646592.27
1317646592.37
1317646592.47
1317646592.58
1317646592.68
1317646592.78
1317646592.89
1317646592.99
1317646593.09
1317646593.2
1317646593.3
1317646593.41
1317646593.51
1317646593.61
1317646593.72
1317646593.82
1317646593.92
1317646594.03
1317646594.13
1317646594.24
1317646594.34
1317646594.44
1317646594.55
1317646594.65
1317646594.75
1317646594.86
1317646594.96
1317646595.07
1317646595.17
1317646595.27
1317646595.38
1317646595.48
1317646595.58
1317646595.69
1317646595.79
1317646595.9
1317646596.0
1317646596.1
1317646596.21
1317646596.31
1317646596.41
1317646596.52
1317646596.62
1317646596.72
1317646596.83
1317646596.93
1317646597.03
1317646597.14
1317646597.24
1317646597.34
1317646597.45
1317646597.55
1317646597.66
1317646597.76
1317646597.86
1317646597.97
1317646598.07
1317646598.17
1317646598.28
1317646598.38
1317646598.48
1317646598.59
1317646598.69
1317646598.79
1317646598.9
1317646599.0
1317646599.11
1317646599.21
1317646599.31
1317646599.42
1317646599.52
1317646599.62
1317646599.73
1317646599.83
1317646599.94
1317646600.04
1317646600.14
1317646600.25
1317646600.35
1317646600.45
1317646600.56
1317646600.66
1317646600.76
1317646600.87
1317646600.97
1317646601.08
1317646601.18
1317646601.28
1317646601.39
1317646601.49
1317646601.59
1317646601.7
1317646601.8
1317646601.9
1317646602.01
1317646602.11
1317646602.22
1317646602.32
1317646602.42
1317646602.53
1317646602.63
1317646602.73
1317646602.84
1317646602.94
1317646603.04
1317646603.15
1317646603.25
1317646603.36
1317646603.46
1317646603.56
1317646603.67
1317646603.77
1317646603.87
1317646603.98
1317646604.08
1317646604.19
1317646604.29
1317646604.39
1317646604.5
1317646604.6
1317646604.7
1317646604.81
1317646604.91
1317646605.01
1317646605.12
1317646605.22
1317646605.33
1317646605.43
1317646605.53
1317646605.64
1317646605.74
1317646605.84
1317646605.95
1317646606.05
1317646606.15
1317646606.26
1317646606.36
1317646606.47
1317646606.57
1317646606.67
1317646606.78
1317646606.88
1317646606.98
1317646607.09
1317646607.19
1317646607.29
1317646607.4
1317646607.5
1317646607.61
1317646607.71
1317646607.81
1317646607.92
1317646608.02
1317646608.12
1317646608.23
1317646608.33
1317646608.44
1317646608.54
1317646608.64
1317646608.75
1317646608.85
1317646608.95
1317646609.06
1317646609.16
1317646609.26
1317646609.37
1317646609.47
1317646609.58
1317646609.68
1317646609.78
1317646609.89
1317646609.99
1317646610.09
1317646610.2
1317646610.3
1317646610.4
1317646610.51
1317646610.61
1317646610.71
1317646610.82
1317646610.92
1317646611.02
1317646611.13
1317646611.23
1317646611.33
1317646611.44
1317646611.54
1317646611.64
1317646611.75
1317646611.85
1317646611.96
1317646612.06
1317646612.16
1317646612.27
1317646612.37
1317646612.47
1317646612.58
1317646612.68
1317646612.78
1317646612.89
1317646612.99
1317646613.1
1317646613.2
1317646613.3
1317646613.41
1317646613.51
1317646613.62
1317646613.72
1317646613.83
1317646613.93
1317646614.03
1317646614.14
1317646614.24
1317646614.35
1317646614.45
1317646614.55
1317646614.66
1317646614.76
1317646614.86
1317646614.97
1317646615.07
1317646615.17
1317646615.28
1317646615.38
1317646615.49
1317646615.59
1317646615.69
1317646615.8
1317646615.9
1317646616.0
1317646616.11
1317646616.21
1317646616.32
1317646616.42
1317646616.52
1317646616.63
1317646616.73
1317646616.83
1317646616.94
1317646617.04
1317646617.14
1317646617.25
1317646617.35
1317646617.46
1317646617.56
1317646617.66
1317646617.77
1317646617.87
1317646617.97
1317646618.08
1317646618.18
1317646618.28
1317646618.39
1317646618.49
1317646618.6
1317646618.7
1317646618.8
1317646618.91
1317646619.01
1317646619.11
1317646619.22
1317646619.32
1317646619.42
1317646619.53
1317646619.63
1317646619.74
1317646619.84
1317646619.94
1317646620.05
1317646620.15
1317646620.25
1317646620.36
1317646620.46
1317646620.57
1317646620.67
1317646620.77
1317646620.88
1317646620.98
1317646621.08
1317646621.19
1317646621.29
1317646621.39
1317646621.5
1317646621.6
1317646621.71
1317646621.81
1317646621.91
1317646622.02
1317646622.12
1317646622.22
1317646622.33
1317646622.43
1317646622.53
1317646622.64
1317646622.74
1317646622.85
1317646622.95
1317646623.05
1317646623.16
1317646623.26
1317646623.36
1317646623.47
1317646623.57
1317646623.68
1317646623.78
1317646623.88
1317646623.99
1317646624.09
1317646624.19
1317646624.3
1317646624.4
1317646624.5
1317646624.61
1317646624.71
1317646624.82
1317646624.92
1317646625.02
1317646625.13
1317646625.23
1317646625.33
1317646625.44
1317646625.54
1317646625.65
1317646625.75
1317646625.85
1317646625.96
1317646626.06
1317646626.16
1317646626.27
1317646626.37
1317646626.47
1317646626.58
1317646626.68
1317646626.79
1317646626.89
1317646626.99
1317646627.1
1317646627.2
1317646627.3
1317646627.41
1317646627.51
1317646627.61
1317646627.72
1317646627.82
1317646627.92
1317646628.03
1317646628.13
1317646628.24
1317646628.34
1317646628.44
1317646628.55
1317646628.65
1317646628.75
1317646628.86
1317646628.96
1317646629.07
1317646629.17
1317646629.27
1317646629.38
1317646629.48
1317646629.58
1317646629.69
1317646629.79
1317646629.89
1317646630.0
1317646630.1
1317646630.21
1317646630.31
1317646630.41
1317646630.52
1317646630.62
1317646630.72
1317646630.83
1317646630.93
1317646631.03
1317646631.14
1317646631.24
1317646631.35
1317646631.45
1317646631.55
1317646631.66
1317646631.76
1317646631.86
1317646631.97
1317646632.07
1317646632.17
1317646632.28
1317646632.38
1317646632.49
1317646632.59
1317646632.69
1317646632.8
1317646632.9
1317646633.0
1317646633.11
1317646633.21
1317646633.31
1317646633.42
1317646633.52
1317646633.62
1317646633.73
1317646633.83
1317646633.93
1317646634.04
1317646634.14
1317646634.24
1317646634.35
1317646634.45
1317646634.56
1317646634.66
1317646634.76
1317646634.87
1317646634.97
1317646635.08
1317646635.18
1317646635.28
1317646635.39
1317646635.49
1317646635.6
1317646635.7
1317646635.8
1317646635.91
1317646636.01
1317646636.11
1317646636.22
1317646636.32
1317646636.43
1317646636.53
1317646636.63
1317646636.74
1317646636.84
1317646636.94
1317646637.05
1317646637.15
1317646637.26
1317646637.36
1317646637.46
1317646637.57
1317646637.67
1317646637.77
1317646637.88
1317646637.98
1317646638.09
1317646638.19
1317646638.29
1317646638.4
1317646638.5
1317646638.6
1317646638.71
1317646638.81
1317646638.91
1317646639.02
1317646639.12
1317646639.23
1317646639.33
1317646639.43
1317646639.54
1317646639.64
1317646639.74
1317646639.85
1317646639.95
1317646640.05
1317646640.16
1317646640.26
1317646640.37
1317646640.47
1317646640.57
1317646640.68
1317646640.78
1317646640.88
1317646640.99
1317646641.09
1317646641.19
1317646641.3
1317646641.4
1317646641.51
1317646641.61
1317646641.71
1317646641.82
1317646641.92
1317646642.02
1317646642.13
1317646642.23
1317646642.33
1317646642.44
1317646642.54
1317646642.65
1317646642.75
1317646642.85
1317646642.96
1317646643.06
1317646643.16
1317646643.27
1317646643.37
1317646643.48
1317646643.58
1317646643.68
1317646643.79
1317646643.89
1317646643.99
1317646644.1
1317646644.2
1317646644.31
1317646644.41
1317646644.51
1317646644.62
1317646644.72
1317646644.82
1317646644.93
1317646645.03
1317646645.13
1317646645.24
1317646645.34
1317646645.45
1317646645.55
1317646645.65
1317646645.76
1317646645.86
1317646645.96
1317646646.07
1317646646.17
1317646646.28
1317646646.38
1317646646.48
1317646646.59
1317646646.69
1317646646.79
1317646646.9
1317646647.0
1317646647.1
1317646647.21
1317646647.31
1317646647.42
1317646647.52
1317646647.62
1317646647.73
1317646647.83
1317646647.93
1317646648.04
1317646648.14
1317646648.24
1317646648.35
1317646648.45
1317646648.56
1317646648.66
1317646648.76
1317646648.87
1317646648.97
1317646649.07
1317646649.18
1317646649.28
1317646649.38
1317646649.49
1317646649.59
1317646649.7
1317646649.8
1317646649.9
1317646650.01
1317646650.11
1317646650.21
1317646650.32
1317646650.42
1317646650.52
1317646650.63
1317646650.73
1317646650.83
1317646650.94
1317646651.04
1317646651.14
1317646651.25
1317646651.35
1317646651.45
1317646651.56
1317646651.66
1317646651.77
1317646651.87
1317646651.97
1317646652.08
1317646652.18
1317646652.28
1317646652.39
1317646652.49
1317646652.59
1317646652.7
1317646652.8
1317646652.9
1317646653.01
1317646653.11
1317646653.22
1317646653.32
1317646653.42
1317646653.53
1317646653.63
1317646653.74
1317646653.84
1317646653.94
1317646654.05
1317646654.15
1317646654.26
1317646654.36
1317646654.46
1317646654.57
1317646654.67
1317646654.77
1317646654.88
1317646654.98
1317646655.09
1317646655.19
1317646655.29
1317646655.4
1317646655.5
1317646655.6
1317646655.71
1317646655.81
1317646655.91
1317646656.02
1317646656.12
1317646656.23
1317646656.33
1317646656.43
1317646656.54
1317646656.64
1317646656.74
1317646656.85
1317646656.95
1317646657.05
1317646657.16
1317646657.26
1317646657.37
1317646657.47
1317646657.57
1317646657.68
1317646657.78
1317646657.88
1317646657.99
1317646658.09
1317646658.2
1317646658.3
1317646658.4
1317646658.51
1317646658.61
1317646658.71
1317646658.82
1317646658.92
1317646659.02
1317646659.13
1317646659.23
1317646659.34
1317646659.44
1317646659.54
1317646659.65
1317646659.75
1317646659.85
1317646659.96
1317646660.06
1317646660.16
1317646660.27
1317646660.37
1317646660.48
1317646660.58
1317646660.68
1317646660.79
1317646660.89
1317646660.99
1317646661.1
1317646661.2
1317646661.3
1317646661.41
1317646661.51
1317646661.62
1317646661.72
1317646661.82
1317646661.93
1317646662.03
1317646662.13
1317646662.24
1317646662.34
1317646662.44
1317646662.55
1317646662.65
1317646662.75
1317646662.86
1317646662.96
1317646663.06
1317646663.17
1317646663.27
1317646663.38
1317646663.48
1317646663.58
1317646663.69
1317646663.79
1317646663.89
1317646664.0
1317646664.1
1317646664.21
1317646664.31
1317646664.41
1317646664.52
1317646664.62
1317646664.73
1317646664.83
1317646664.93
1317646665.04
1317646665.14
1317646665.25
1317646665.35
1317646665.45
1317646665.56
1317646665.66
1317646665.77
1317646665.87
1317646665.97
1317646666.08
1317646666.18
1317646666.29
1317646666.39
1317646666.49
1317646666.6
1317646666.7
1317646666.81
1317646666.91
1317646667.01
1317646667.12
1317646667.22
1317646667.32
1317646667.43
1317646667.53
1317646667.63
1317646667.74
1317646667.84
1317646667.94
1317646668.05
1317646668.15
1317646668.26
1317646668.36
1317646668.46
1317646668.57
1317646668.67
1317646668.77
1317646668.88
1317646668.98
1317646669.08
1317646669.19
1317646669.29
1317646669.39
1317646669.5
1317646669.6
1317646669.71
1317646669.81
1317646669.91
1317646670.02
1317646670.12
1317646670.22
1317646670.33
1317646670.43
1317646670.53
1317646670.64
1317646670.74
1317646670.85
1317646670.95
1317646671.05
1317646671.16
1317646671.26
1317646671.36
1317646671.47
1317646671.57
1317646671.67
1317646671.78
1317646671.88
1317646671.99
1317646672.09
1317646672.19
1317646672.3
1317646672.4
1317646672.5
1317646672.61
1317646672.71
1317646672.82
1317646672.92
1317646673.02
1317646673.13
1317646673.23
1317646673.33
1317646673.44
1317646673.54
1317646673.64
1317646673.75
1317646673.85
1317646673.96
1317646674.06
1317646674.16
1317646674.27
1317646674.37
1317646674.47
1317646674.58
1317646674.68
1317646674.78
1317646674.89
1317646674.99
1317646675.1
1317646675.2
1317646675.3
1317646675.41
1317646675.51
1317646675.61
1317646675.72
1317646675.82
1317646675.92
1317646676.03
1317646676.13
1317646676.24
1317646676.34
1317646676.44
1317646676.55
1317646676.65
1317646676.75
1317646676.86
1317646676.96
1317646677.06
1317646677.17
1317646677.27
1317646677.38
1317646677.48
1317646677.58
1317646677.69
1317646677.79
1317646677.89
1317646678.0
1317646678.1
1317646678.21
1317646678.31
1317646678.41
1317646678.52
1317646678.62
1317646678.72
1317646678.83
1317646678.93
1317646679.03
1317646679.14
1317646679.24
1317646679.35
1317646679.45
1317646679.55
1317646679.66
1317646679.76
1317646679.86
1317646679.97
1317646680.07
1317646680.18
1317646680.28
1317646680.38
1317646680.49
1317646680.59
1317646680.69
1317646680.8
1317646680.9
1317646681.01
1317646681.11
1317646681.21
1317646681.32
1317646681.42
1317646681.52
1317646681.63
1317646681.73
1317646681.84
1317646681.94
1317646682.04
1317646682.15
1317646682.25
1317646682.35
1317646682.46
1317646682.56
1317646682.66
1317646682.77
1317646682.87
1317646682.97
1317646683.08
1317646683.18
1317646683.28
1317646683.39
1317646683.49
1317646683.59
1317646683.7
1317646683.8
1317646683.9
1317646684.01
1317646684.11
1317646684.22
1317646684.32
1317646684.42
1317646684.53
1317646684.63
1317646684.73
1317646684.84
1317646684.94
1317646685.04
1317646685.15
1317646685.25
1317646685.36
1317646685.46
1317646685.56
1317646685.67
1317646685.77
1317646685.87
1317646685.98
1317646686.08
1317646686.18
1317646686.29
1317646686.39
1317646686.5
1317646686.6
1317646686.7
1317646686.81
1317646686.91
1317646687.01
1317646687.12
1317646687.22
1317646687.32
1317646687.43
1317646687.53
1317646687.64
1317646687.74
1317646687.84
1317646687.95
1317646688.05
1317646688.15
1317646688.26
1317646688.36
1317646688.46
1317646688.57
1317646688.67
1317646688.78
1317646688.88
1317646688.98
1317646689.09
1317646689.19
1317646689.29
1317646689.4
1317646689.5
1317646689.6
1317646689.71
1317646689.81
1317646689.92
1317646690.02
1317646690.12
1317646690.23
1317646690.33
1317646690.43
1317646690.54
1317646690.64
1317646690.74
1317646690.85
1317646690.95
1317646691.06
1317646691.16
1317646691.26
1317646691.37
1317646691.47
1317646691.57
1317646691.68
1317646691.78
1317646691.88
1317646691.99
1317646692.09
1317646692.2
1317646692.3
1317646692.4
1317646692.51
1317646692.61
1317646692.71
1317646692.82
1317646692.92
1317646693.02
1317646693.13
1317646693.23
1317646693.34
1317646693.44
1317646693.54
1317646693.65
1317646693.75
1317646693.85
1317646693.96
1317646694.06
1317646694.16
1317646694.27
1317646694.37
1317646694.48
1317646694.58
1317646694.68
1317646694.79
1317646694.89
1317646694.99
1317646695.1
1317646695.2
1317646695.3
1317646695.41
1317646695.51
1317646695.61
1317646695.72
1317646695.82
1317646695.92
1317646696.03
1317646696.13
1317646696.23
1317646696.34
1317646696.44
1317646696.55
1317646696.65
1317646696.75
1317646696.86
1317646696.96
1317646697.06
1317646697.17
1317646697.27
1317646697.38
1317646697.48
1317646697.58
1317646697.69
1317646697.79
1317646697.89
1317646698.0
1317646698.1
1317646698.21
1317646698.31
1317646698.41
1317646698.52
1317646698.62
1317646698.73
1317646698.83
1317646698.93
1317646699.04
1317646699.14
1317646699.24
1317646699.35
1317646699.45
1317646699.56
1317646699.66
1317646699.76
1317646699.87
1317646699.97
1317646700.07
1317646700.18
1317646700.28
1317646700.38
1317646700.49
1317646700.59
1317646700.7
1317646700.8
1317646700.9
1317646701.01
1317646701.11
1317646701.21
1317646701.32
1317646701.42
1317646701.53
1317646701.63
1317646701.73
1317646701.84
1317646701.94
1317646702.04
1317646702.15
1317646702.25
1317646702.35
1317646702.46
1317646702.56
1317646702.67
1317646702.77
1317646702.87
1317646702.98
1317646703.08
1317646703.18
1317646703.29
1317646703.39
1317646703.49
1317646703.6
1317646703.7
1317646703.81
1317646703.91
1317646704.01
1317646704.12
1317646704.22
1317646704.32
1317646704.43
1317646704.53
1317646704.63
1317646704.74
1317646704.84
1317646704.95
1317646705.05
1317646705.15
1317646705.26
1317646705.36
1317646705.46
1317646705.57
1317646705.67
1317646705.77
1317646705.88
1317646705.98
1317646706.09
1317646706.19
1317646706.29
1317646706.4
1317646706.5
1317646706.6
1317646706.71
1317646706.81
1317646706.91
1317646707.02
1317646707.12
1317646707.23
1317646707.33
1317646707.43
1317646707.54
1317646707.64
1317646707.74
1317646707.85
1317646707.95
1317646708.05
1317646708.16
1317646708.26
1317646708.36
1317646708.47
1317646708.57
1317646708.68
1317646708.78
1317646708.88
1317646708.99
1317646709.09
1317646709.19
1317646709.3
1317646709.4
1317646709.51
1317646709.61
1317646709.71
1317646709.82
1317646709.92
1317646710.02
1317646710.13
1317646710.23
1317646710.33
1317646710.44
1317646710.54
1317646710.64
1317646710.75
1317646710.85
1317646710.96
1317646711.06
1317646711.16
1317646711.27
1317646711.37
1317646711.47
1317646711.58
1317646711.68
1317646711.79
1317646711.89
1317646711.99
1317646712.1
1317646712.2
1317646712.3
1317646712.41
1317646712.51
1317646712.61
1317646712.72
1317646712.82
1317646712.93
1317646713.03
1317646713.13
1317646713.24
1317646713.34
1317646713.44
1317646713.55
1317646713.65
1317646713.75
1317646713.86
1317646713.96
1317646714.07
1317646714.17
1317646714.27
1317646714.38
1317646714.48
1317646714.58
1317646714.69
1317646714.79
1317646714.89
1317646715.0
1317646715.1
1317646715.21
1317646715.31
1317646715.41
1317646715.52
1317646715.62
1317646715.72
1317646715.83
1317646715.93
1317646716.03
1317646716.14
1317646716.24
1317646716.35
1317646716.45
1317646716.55
1317646716.66
1317646716.76
1317646716.86
1317646716.97
1317646717.07
1317646717.17
1317646717.28
1317646717.38
1317646717.49
1317646717.59
1317646717.69
1317646717.8
1317646717.9
1317646718.0
1317646718.11
1317646718.21
1317646718.31
1317646718.42
1317646718.52
1317646718.63
1317646718.73
1317646718.83
1317646718.94
1317646719.04
1317646719.14
1317646719.25
1317646719.35
1317646719.46
1317646719.56
1317646719.66
1317646719.77
1317646719.87
1317646719.97
1317646720.08
1317646720.18
1317646720.28
1317646720.39
1317646720.49
1317646720.59
1317646720.7
1317646720.8
1317646720.9
1317646721.01
1317646721.11
1317646721.21
1317646721.32
1317646721.42
1317646721.53
1317646721.63
1317646721.73
1317646721.84
1317646721.94
1317646722.05
1317646722.15
1317646722.25
1317646722.36
1317646722.46
1317646722.56
1317646722.67
1317646722.77
1317646722.88
1317646722.98
1317646723.08
1317646723.19
1317646723.29
1317646723.39
1317646723.5
1317646723.6
1317646723.71
1317646723.81
1317646723.91
1317646724.02
1317646724.12
1317646724.22
1317646724.33
1317646724.43
1317646724.53
1317646724.64
1317646724.74
1317646724.85
1317646724.95
1317646725.05
1317646725.16
1317646725.26
1317646725.36
1317646725.47
1317646725.57
1317646725.68
1317646725.78
1317646725.88
1317646725.99
1317646726.09
1317646726.19
1317646726.3
1317646726.4
1317646726.5
1317646726.61
1317646726.71
1317646726.82
1317646726.92
1317646727.02
1317646727.13
1317646727.23
1317646727.33
1317646727.44
1317646727.54
1317646727.64
1317646727.75
1317646727.85
1317646727.96
1317646728.06
1317646728.16
1317646728.27
1317646728.37
1317646728.47
1317646728.58
1317646728.68
1317646728.78
1317646728.89
1317646728.99
1317646729.1
1317646729.2
1317646729.3
1317646729.41
1317646729.51
1317646729.61
1317646729.72
1317646729.82
1317646729.93
1317646730.03
1317646730.13
1317646730.24
1317646730.34
1317646730.44
1317646730.55
1317646730.65
1317646730.75
1317646730.86
1317646730.96
1317646731.07
1317646731.17
1317646731.27
1317646731.38
1317646731.48
1317646731.58
1317646731.69
1317646731.79
1317646731.9
1317646732.0
1317646732.1
1317646732.21
1317646732.31
1317646732.41
1317646732.52
1317646732.62
1317646732.73
1317646732.83
1317646732.93
1317646733.04
1317646733.14
1317646733.24
1317646733.35
1317646733.45
1317646733.55
1317646733.66
1317646733.76
1317646733.87
1317646733.97
1317646734.07
1317646734.18
1317646734.28
1317646734.38
1317646734.49
1317646734.59
1317646734.69
1317646734.8
1317646734.9
1317646735.0
1317646735.11
1317646735.21
1317646735.32
1317646735.42
1317646735.52
1317646735.63
1317646735.73
1317646735.83
1317646735.94
1317646736.04
1317646736.14
1317646736.25
1317646736.35
1317646736.45
1317646736.56
1317646736.66
1317646736.76
1317646736.87
1317646736.97
1317646737.08
1317646737.18
1317646737.28
1317646737.39
1317646737.49
1317646737.59
1317646737.7
1317646737.8
1317646737.9
1317646738.01
1317646738.11
1317646738.21
1317646738.32
1317646738.42
1317646738.53
1317646738.63
1317646738.73
1317646738.84
1317646738.94
1317646739.05
1317646739.15
1317646739.25
1317646739.36
1317646739.46
1317646739.56
1317646739.67
1317646739.77
1317646739.88
1317646739.98
1317646740.08
1317646740.19
1317646740.29
1317646740.39
1317646740.5
1317646740.6
1317646740.71
1317646740.81
1317646740.91
1317646741.02
1317646741.12
1317646741.22
1317646741.33
1317646741.43
1317646741.53
1317646741.64
1317646741.74
1317646741.85
1317646741.95
1317646742.05
1317646742.16
1317646742.26
1317646742.36
1317646742.47
1317646742.57
1317646742.67
1317646742.78
1317646742.88
1317646742.99
1317646743.09
1317646743.19
1317646743.3
1317646743.4
1317646743.5
1317646743.61
1317646743.71
1317646743.81
1317646743.92
1317646744.02
1317646744.13
1317646744.23
1317646744.33
1317646744.44
1317646744.54
1317646744.64
1317646744.75
1317646744.85
1317646744.95
1317646745.06
1317646745.16
1317646745.27
1317646745.37
1317646745.47
1317646745.58
1317646745.68
1317646745.78
1317646745.89
1317646745.99
1317646746.09
1317646746.2
1317646746.3
1317646746.41
1317646746.51
1317646746.61
1317646746.72
1317646746.82
1317646746.92
1317646747.03
1317646747.13
1317646747.23
1317646747.34
1317646747.44
1317646747.55
1317646747.65
1317646747.75
1317646747.86
1317646747.96
1317646748.06
1317646748.17
1317646748.27
1317646748.38
1317646748.48
1317646748.58
1317646748.69
1317646748.79
1317646748.89
1317646749.0
1317646749.1
1317646749.2
1317646749.31
1317646749.41
1317646749.52
1317646749.62
1317646749.72
1317646749.83
1317646749.93
1317646750.03
1317646750.14
1317646750.24
1317646750.34
1317646750.45
1317646750.55
1317646750.66
1317646750.76
1317646750.86
1317646750.97
1317646751.07
1317646751.17
1317646751.28
1317646751.38
1317646751.49
1317646751.59
1317646751.69
1317646751.8
1317646751.9
1317646752.0
1317646752.11
1317646752.21
1317646752.31
1317646752.42
1317646752.52
1317646752.62
1317646752.73
1317646752.83
1317646752.94
1317646753.04
1317646753.14
1317646753.25
1317646753.35
1317646753.45
1317646753.56
1317646753.66
1317646753.76
1317646753.87
1317646753.97
1317646754.07
1317646754.18
1317646754.28
1317646754.38
1317646754.49
1317646754.59
1317646754.69
1317646754.8
1317646754.9
1317646755.0
1317646755.11
1317646755.21
1317646755.31
1317646755.42
1317646755.52
1317646755.63
1317646755.73
1317646755.83
1317646755.94
1317646756.04
1317646756.15
1317646756.25
1317646756.35
1317646756.46
1317646756.56
1317646756.67
1317646756.77
1317646756.87
1317646756.98
1317646757.08
1317646757.18
1317646757.29
1317646757.39
1317646757.5
1317646757.6
1317646757.7
1317646757.81
1317646757.91
1317646758.01
1317646758.12
1317646758.22
1317646758.33
1317646758.43
1317646758.53
1317646758.64
1317646758.74
1317646758.84
1317646758.95
1317646759.05
1317646759.15
1317646759.26
1317646759.36
1317646759.47
1317646759.57
1317646759.67
1317646759.78
1317646759.88
1317646759.98
1317646760.09
1317646760.19
1317646760.29
1317646760.4
1317646760.5
1317646760.61
1317646760.71
1317646760.81
1317646760.92
1317646761.02
1317646761.12
1317646761.23
1317646761.33
1317646761.43
1317646761.54
1317646761.64
1317646761.75
1317646761.85
1317646761.95
1317646762.06
1317646762.16
1317646762.26
1317646762.37
1317646762.47
1317646762.58
1317646762.68
1317646762.78
1317646762.89
1317646762.99
1317646763.09
1317646763.2
1317646763.3
1317646763.4
1317646763.51
1317646763.61
1317646763.72
1317646763.82
1317646763.92
1317646764.03
1317646764.13
1317646764.23
1317646764.34
1317646764.44
1317646764.54
1317646764.65
1317646764.75
1317646764.86
1317646764.96
1317646765.06
1317646765.17
1317646765.27
1317646765.37
1317646765.48
1317646765.58
1317646765.68
1317646765.79
1317646765.89
1317646766.0
1317646766.1
1317646766.2
1317646766.31
1317646766.41
1317646766.51
1317646766.62
1317646766.72
1317646766.83
1317646766.93
1317646767.03
1317646767.14
1317646767.24
1317646767.34
1317646767.45
1317646767.55
1317646767.65
1317646767.76
1317646767.86
1317646767.97
1317646768.07
1317646768.17
1317646768.28
1317646768.38
1317646768.48
1317646768.59
1317646768.69
1317646768.8
1317646768.9
1317646769.0
1317646769.11
1317646769.21
1317646769.31
1317646769.42
1317646769.52
1317646769.62
1317646769.73
1317646769.83
1317646769.93
1317646770.04
1317646770.14
1317646770.25
1317646770.35
1317646770.45
1317646770.56
1317646770.66
1317646770.76
1317646770.87
1317646770.97
1317646771.07
1317646771.18
1317646771.28
1317646771.39
1317646771.49
1317646771.59
1317646771.7
1317646771.8
1317646771.9
1317646772.01
1317646772.11
1317646772.22
1317646772.32
1317646772.42
1317646772.53
1317646772.63
1317646772.73
1317646772.84
1317646772.94
1317646773.04
1317646773.15
1317646773.25
1317646773.36
1317646773.46
1317646773.56
1317646773.67
1317646773.77
1317646773.87
1317646773.98
1317646774.08
1317646774.18
1317646774.29
1317646774.39
1317646774.5
1317646774.6
1317646774.7
1317646774.81
1317646774.91
1317646775.01
1317646775.12
1317646775.22
1317646775.32
1317646775.43
1317646775.53
1317646775.64
1317646775.74
1317646775.84
1317646775.95
1317646776.05
1317646776.15
1317646776.26
1317646776.36
1317646776.46
1317646776.57
1317646776.67
1317646776.77
1317646776.88
1317646776.98
1317646777.09
1317646777.19
1317646777.29
1317646777.4
1317646777.5
1317646777.6
1317646777.71
1317646777.81
1317646777.92
1317646778.02
1317646778.12
1317646778.23
1317646778.33
1317646778.43
1317646778.54
1317646778.64
1317646778.75
1317646778.85
1317646778.95
1317646779.06
1317646779.16
1317646779.26
1317646779.37
1317646779.47
1317646779.58
1317646779.68
1317646779.78
1317646779.89
1317646779.99
1317646780.09
1317646780.2
1317646780.3
1317646780.4
1317646780.51
1317646780.61
1317646780.72
1317646780.82
1317646780.92
1317646781.03
1317646781.13
1317646781.23
1317646781.34
1317646781.44
1317646781.54
1317646781.65
1317646781.75
1317646781.86
1317646781.96
1317646782.06
1317646782.17
1317646782.27
1317646782.37
1317646782.48
1317646782.58
1317646782.69
1317646782.79
1317646782.89
1317646783.0
1317646783.1
1317646783.2
1317646783.31
1317646783.41
1317646783.51
1317646783.62
1317646783.72
1317646783.83
1317646783.93
1317646784.03
1317646784.14
1317646784.24
1317646784.34
1317646784.45
1317646784.55
1317646784.65
1317646784.76
1317646784.86
1317646784.97
1317646785.07
1317646785.17
1317646785.28
1317646785.38
1317646785.48
1317646785.59
1317646785.69
1317646785.8
1317646785.9
1317646786.0
1317646786.11
1317646786.21
1317646786.31
1317646786.42
1317646786.52
1317646786.63
1317646786.73
1317646786.83
1317646786.94
1317646787.04
1317646787.15
1317646787.25
1317646787.35
1317646787.46
1317646787.56
1317646787.66
1317646787.77
1317646787.87
1317646787.97
1317646788.08
1317646788.18
1317646788.29
1317646788.39
1317646788.49
1317646788.6
1317646788.7
1317646788.8
1317646788.91
1317646789.01
1317646789.11
1317646789.22
1317646789.32
1317646789.42
1317646789.53
1317646789.63
1317646789.73
1317646789.84
1317646789.94
1317646790.04
1317646790.15
1317646790.25
1317646790.35
1317646790.46
1317646790.56
1317646790.67
1317646790.77
1317646790.87
1317646790.98
1317646791.08
1317646791.18
1317646791.29
1317646791.39
1317646791.49
1317646791.6
1317646791.7
1317646791.81
1317646791.91
1317646792.01
1317646792.12
1317646792.22
1317646792.32
1317646792.43
1317646792.53
1317646792.63
1317646792.74
1317646792.84
1317646792.95
1317646793.05
1317646793.15
1317646793.26
1317646793.36
1317646793.46
1317646793.57
1317646793.67
1317646793.77
1317646793.88
1317646793.98
1317646794.09
1317646794.19
1317646794.29
1317646794.4
1317646794.5
1317646794.6
1317646794.71
1317646794.81
1317646794.91
1317646795.02
1317646795.12
1317646795.23
1317646795.33
1317646795.43
1317646795.54
1317646795.64
1317646795.74
1317646795.85
1317646795.95
1317646796.05
1317646796.16
1317646796.26
1317646796.37
1317646796.47
1317646796.57
1317646796.68
1317646796.78
1317646796.88
1317646796.99
1317646797.09
1317646797.19
1317646797.3
1317646797.4
1317646797.51
1317646797.61
1317646797.71
1317646797.82
1317646797.92
1317646798.02
1317646798.13
1317646798.23
1317646798.33
1317646798.44
1317646798.54
1317646798.65
1317646798.75
1317646798.85
1317646798.96
1317646799.06
1317646799.16
1317646799.27
1317646799.37
1317646799.48
1317646799.58
1317646799.68
1317646799.79
1317646799.89
1317646799.99
1317646800.1
1317646800.2
1317646800.3
1317646800.41
1317646800.51
1317646800.62
1317646800.72
1317646800.82
1317646800.93
1317646801.03
1317646801.13
1317646801.24
1317646801.34
1317646801.44
1317646801.55
1317646801.65
1317646801.76
1317646801.86
1317646801.96
1317646802.07
1317646802.17
1317646802.27
1317646802.38
1317646802.48
1317646802.58
1317646802.69
1317646802.79
1317646802.9
1317646803.0
1317646803.1
1317646803.21
1317646803.31
1317646803.41
1317646803.52
1317646803.62
1317646803.72
1317646803.83
1317646803.93
1317646804.04
1317646804.14
1317646804.24
1317646804.35
1317646804.45
1317646804.55
1317646804.66
1317646804.76
1317646804.86
1317646804.97
1317646805.07
1317646805.18
1317646805.28
1317646805.38
1317646805.49
1317646805.59
1317646805.69
1317646805.8
1317646805.9
1317646806.01
1317646806.11
1317646806.21
1317646806.32
1317646806.42
1317646806.52
1317646806.63
1317646806.73
1317646806.83
1317646806.94
1317646807.04
1317646807.15
1317646807.25
1317646807.35
1317646807.46
1317646807.56
1317646807.66
1317646807.77
1317646807.87
1317646807.97
1317646808.08
1317646808.18
1317646808.29
1317646808.39
1317646808.49
1317646808.6
1317646808.7
1317646808.8
1317646808.91
1317646809.01
1317646809.12
1317646809.22
1317646809.32
1317646809.43
1317646809.53
1317646809.63
1317646809.74
1317646809.84
1317646809.94
1317646810.05
1317646810.15
1317646810.26
1317646810.36
1317646810.46
1317646810.57
1317646810.67
1317646810.77
1317646810.88
1317646810.98
1317646811.08
1317646811.19
1317646811.29
1317646811.4
1317646811.5
1317646811.6
1317646811.71
1317646811.81
1317646811.91
1317646812.02
1317646812.12
1317646812.22
1317646812.33
1317646812.43
1317646812.54
1317646812.64
1317646812.74
1317646812.85
1317646812.95
1317646813.05
1317646813.16
1317646813.26
1317646813.37
1317646813.47
1317646813.57
1317646813.68
1317646813.78
1317646813.89
1317646813.99
1317646814.1
1317646814.2
1317646814.3
1317646814.41
1317646814.51
1317646814.61
1317646814.72
1317646814.82
1317646814.93
1317646815.03
1317646815.13
1317646815.24
1317646815.34
1317646815.44
1317646815.55
1317646815.65
1317646815.75
1317646815.86
1317646815.96
1317646816.06
1317646816.17
1317646816.27
1317646816.37
1317646816.48
1317646816.58
1317646816.68
1317646816.79
1317646816.89
1317646816.99
1317646817.1
1317646817.2
1317646817.31
1317646817.41
1317646817.51
1317646817.62
1317646817.72
1317646817.82
1317646817.93
1317646818.03
1317646818.13
1317646818.24
1317646818.34
1317646818.45
1317646818.55
1317646818.65
1317646818.76
1317646818.86
1317646818.96
1317646819.07
1317646819.17
1317646819.27
1317646819.38
1317646819.48
1317646819.59
1317646819.69
1317646819.79
1317646819.9
1317646820.0
1317646820.1
1317646820.21
1317646820.31
1317646820.42
1317646820.52
1317646820.62
1317646820.73
1317646820.83
1317646820.93
1317646821.04
1317646821.14
1317646821.24
1317646821.35
1317646821.45
1317646821.56
1317646821.66
1317646821.76
1317646821.87
1317646821.97
1317646822.07
1317646822.18
1317646822.28
1317646822.38
1317646822.49
1317646822.59
1317646822.7
1317646822.8
1317646822.9
1317646823.01
1317646823.11
1317646823.21
1317646823.32
1317646823.42
1317646823.52
1317646823.63
1317646823.73
1317646823.84
1317646823.94
1317646824.04
1317646824.15
1317646824.25
1317646824.35
1317646824.46
1317646824.56
1317646824.66
1317646824.77
1317646824.87
1317646824.98
1317646825.08
1317646825.18
1317646825.29
1317646825.39
1317646825.49
1317646825.6
1317646825.7
1317646825.81
1317646825.91
1317646826.01
1317646826.12
1317646826.22
1317646826.32
1317646826.43
1317646826.53
1317646826.63
1317646826.74
1317646826.84
1317646826.95
1317646827.05
1317646827.15
1317646827.26
1317646827.36
1317646827.46
1317646827.57
1317646827.67
1317646827.77
1317646827.88
1317646827.98
1317646828.09
1317646828.19
1317646828.29
1317646828.4
1317646828.5
1317646828.6
1317646828.71
1317646828.81
1317646828.91
1317646829.02
1317646829.12
1317646829.23
1317646829.33
1317646829.43
1317646829.54
1317646829.64
1317646829.74
1317646829.85
1317646829.95
1317646830.06
1317646830.16
1317646830.26
1317646830.37
1317646830.47
1317646830.57
1317646830.68
1317646830.78
1317646830.89
1317646830.99
1317646831.09
1317646831.2
1317646831.3
1317646831.4
1317646831.51
1317646831.61
1317646831.72
1317646831.82
1317646831.92
1317646832.03
1317646832.13
1317646832.23
1317646832.34
1317646832.44
1317646832.55
1317646832.65
1317646832.75
1317646832.86
1317646832.96
1317646833.06
1317646833.17
1317646833.27
1317646833.38
1317646833.48
1317646833.58
1317646833.69
1317646833.79
1317646833.89
1317646834.0
1317646834.1
1317646834.2
1317646834.31
1317646834.41
1317646834.51
1317646834.62
1317646834.72
1317646834.82
1317646834.93
1317646835.03
1317646835.13
1317646835.24
1317646835.34
1317646835.44
1317646835.55
1317646835.65
1317646835.75
1317646835.86
1317646835.96
1317646836.06
1317646836.17
1317646836.27
1317646836.38
1317646836.48
1317646836.58
1317646836.69
1317646836.79
1317646836.89
1317646837.0
1317646837.1
1317646837.21
1317646837.31
1317646837.41
1317646837.52
1317646837.62
1317646837.72
1317646837.83
1317646837.93
1317646838.03
1317646838.14
1317646838.24
1317646838.35
1317646838.45
1317646838.55
1317646838.66
1317646838.76
1317646838.86
1317646838.97
1317646839.07
1317646839.17
1317646839.28
1317646839.38
1317646839.49
1317646839.59
1317646839.69
1317646839.8
1317646839.9
1317646840.0
1317646840.11
1317646840.21
1317646840.31
1317646840.42
1317646840.52
1317646840.63
1317646840.73
1317646840.83
1317646840.94
1317646841.04
1317646841.14
1317646841.25
1317646841.35
1317646841.45
1317646841.56
1317646841.66
1317646841.77
1317646841.87
1317646841.97
1317646842.08
1317646842.18
1317646842.28
1317646842.39
1317646842.49
1317646842.59
1317646842.7
1317646842.8
1317646842.91
1317646843.01
1317646843.11
1317646843.22
1317646843.32
1317646843.42
1317646843.53
1317646843.63
1317646843.74
1317646843.84
1317646843.95
1317646844.05
1317646844.15
1317646844.26
1317646844.36
1317646844.47
1317646844.57
1317646844.67
1317646844.78
1317646844.88
1317646844.98
1317646845.09
1317646845.19
1317646845.3
1317646845.4
1317646845.5
1317646845.61
1317646845.71
1317646845.81
1317646845.92
1317646846.02
1317646846.12
1317646846.23
1317646846.33
1317646846.43
1317646846.54
1317646846.64
1317646846.74
1317646846.85
1317646846.95
1317646847.06
1317646847.16
1317646847.26
1317646847.37
1317646847.47
1317646847.57
1317646847.68
1317646847.78
1317646847.88
1317646847.99
1317646848.09
1317646848.19
1317646848.3
1317646848.4
1317646848.51
1317646848.61
1317646848.71
1317646848.82
1317646848.92
1317646849.02
1317646849.13
1317646849.23
1317646849.33
1317646849.44
1317646849.54
1317646849.64
1317646849.75
1317646849.85
1317646849.96
1317646850.06
1317646850.16
1317646850.27
1317646850.37
1317646850.47
1317646850.58
1317646850.68
1317646850.79
1317646850.89
1317646850.99
1317646851.1
1317646851.2
1317646851.3
1317646851.41
1317646851.51
1317646851.61
1317646851.72
1317646851.82
1317646851.93
1317646852.03
1317646852.13
1317646852.24
1317646852.34
1317646852.44
1317646852.55
1317646852.65
1317646852.75
1317646852.86
1317646852.96
1317646853.07
1317646853.17
1317646853.27
1317646853.38
1317646853.48
1317646853.58
1317646853.69
1317646853.79
1317646853.89
1317646854.0
1317646854.1
1317646854.21
1317646854.31
1317646854.41
1317646854.52
1317646854.62
1317646854.72
1317646854.83
1317646854.93
1317646855.03
1317646855.14
1317646855.24
1317646855.34
1317646855.45
1317646855.55
1317646855.66
1317646855.76
1317646855.86
1317646855.97
1317646856.07
1317646856.17
1317646856.28
1317646856.38
1317646856.48
1317646856.59
1317646856.69
1317646856.79
1317646856.9
1317646857.0
1317646857.1
1317646857.21
1317646857.31
1317646857.41
1317646857.52
1317646857.62
1317646857.72
1317646857.83
1317646857.93
1317646858.04
1317646858.14
1317646858.24
1317646858.35
1317646858.45
1317646858.56
1317646858.66
1317646858.76
1317646858.87
1317646858.97
1317646859.08
1317646859.18
1317646859.28
1317646859.39
1317646859.49
1317646859.59
1317646859.7
1317646859.8
1317646859.9
1317646860.01
1317646860.11
1317646860.22
1317646860.32
1317646860.42
1317646860.53
1317646860.63
1317646860.73
1317646860.84
1317646860.94
1317646861.05
1317646861.15
1317646861.25
1317646861.36
1317646861.46
1317646861.56
1317646861.67
1317646861.77
1317646861.87
1317646861.98
1317646862.08
1317646862.19
1317646862.29
1317646862.39
1317646862.5
1317646862.6
1317646862.7
1317646862.81
1317646862.91
1317646863.01
1317646863.12
1317646863.22
1317646863.33
1317646863.43
1317646863.53
1317646863.64
1317646863.74
1317646863.84
1317646863.95
1317646864.05
1317646864.15
1317646864.26
1317646864.36
1317646864.47
1317646864.57
1317646864.67
1317646864.78
1317646864.88
1317646864.98
1317646865.09
1317646865.19
1317646865.29
1317646865.4
1317646865.5
1317646865.61
1317646865.71
1317646865.81
1317646865.92
1317646866.02
1317646866.12
1317646866.23
1317646866.33
1317646866.43
1317646866.54
1317646866.64
1317646866.74
1317646866.85
1317646866.95
1317646867.06
1317646867.16
1317646867.26
1317646867.37
1317646867.47
1317646867.57
1317646867.68
1317646867.78
1317646867.88
1317646867.99
1317646868.09
1317646868.2
1317646868.3
1317646868.4
1317646868.51
1317646868.61
1317646868.71
1317646868.82
1317646868.92
1317646869.02
1317646869.13
1317646869.23
1317646869.34
1317646869.44
1317646869.54
1317646869.65
1317646869.75
1317646869.85
1317646869.96
1317646870.06
1317646870.16
1317646870.27
1317646870.37
1317646870.48
1317646870.58
1317646870.68
1317646870.79
1317646870.89
1317646870.99
1317646871.1
1317646871.2
1317646871.3
1317646871.41
1317646871.51
1317646871.62
1317646871.72
1317646871.82
1317646871.93
1317646872.03
1317646872.13
1317646872.24
1317646872.34
1317646872.45
1317646872.55
1317646872.65
1317646872.76
1317646872.86
1317646872.96
1317646873.07
1317646873.17
1317646873.27
1317646873.38
1317646873.48
1317646873.59
1317646873.69
1317646873.79
1317646873.9
1317646874.0
1317646874.11
1317646874.21
1317646874.31
1317646874.42
1317646874.52
1317646874.62
1317646874.73
1317646874.83
1317646874.94
1317646875.04
1317646875.14
1317646875.25
1317646875.35
1317646875.45
1317646875.56
1317646875.66
1317646875.77
1317646875.87
1317646875.97
1317646876.08
1317646876.18
1317646876.28
1317646876.39
1317646876.49
1317646876.59
1317646876.7
1317646876.8
1317646876.9
1317646877.01
1317646877.11
1317646877.21
1317646877.32
1317646877.42
1317646877.52
1317646877.63
1317646877.73
1317646877.83
1317646877.94
1317646878.04
1317646878.15
1317646878.25
1317646878.35
1317646878.46
1317646878.56
1317646878.66
1317646878.77
1317646878.87
1317646878.97
1317646879.08
1317646879.18
1317646879.29
1317646879.39
1317646879.49
1317646879.6
1317646879.7
1317646879.8
1317646879.91
1317646880.01
1317646880.11
1317646880.22
1317646880.32
1317646880.42
1317646880.53
1317646880.63
1317646880.74
1317646880.84
1317646880.94
1317646881.05
1317646881.15
1317646881.25
1317646881.36
1317646881.46
1317646881.57
1317646881.67
1317646881.77
1317646881.88
1317646881.98
1317646882.08
1317646882.19
1317646882.29
1317646882.39
1317646882.5
1317646882.6
1317646882.71
1317646882.81
1317646882.91
1317646883.02
1317646883.12
1317646883.23
1317646883.33
1317646883.43
1317646883.53
1317646883.64
1317646883.74
1317646883.85
1317646883.95
1317646884.05
1317646884.16
1317646884.26
1317646884.37
1317646884.47
1317646884.57
1317646884.68
1317646884.78
1317646884.88
1317646884.99
1317646885.09
1317646885.19
1317646885.3
1317646885.4
1317646885.51
1317646885.61
1317646885.71
1317646885.82
1317646885.92
1317646886.02
1317646886.13
1317646886.23
1317646886.33
1317646886.44
1317646886.54
1317646886.65
1317646886.75
1317646886.85
1317646886.96
1317646887.06
1317646887.16
1317646887.27
1317646887.37
1317646887.47
1317646887.58
1317646887.68
1317646887.78
1317646887.89
1317646887.99
1317646888.09
1317646888.2
1317646888.3
1317646888.4
1317646888.51
1317646888.61
1317646888.71
1317646888.82
1317646888.92
1317646889.02
1317646889.13
1317646889.23
1317646889.33
1317646889.44
1317646889.54
1317646889.64
1317646889.75
1317646889.85
1317646889.95
1317646890.06
1317646890.16
1317646890.26
1317646890.37
1317646890.47
1317646890.57
1317646890.68
1317646890.78
1317646890.89
1317646890.99
1317646891.09
1317646891.2
1317646891.3
1317646891.4
1317646891.51
1317646891.61
1317646891.72
1317646891.82
1317646891.92
1317646892.03
1317646892.13
1317646892.24
1317646892.34
1317646892.44
1317646892.55
1317646892.65
1317646892.76
1317646892.86
1317646892.96
1317646893.07
1317646893.17
1317646893.27
1317646893.38
1317646893.48
1317646893.59
1317646893.69
1317646893.79
1317646893.9
1317646894.0
1317646894.1
1317646894.21
1317646894.31
1317646894.41
1317646894.52
1317646894.62
1317646894.73
1317646894.83
1317646894.93
1317646895.04
1317646895.14
1317646895.24
1317646895.35
1317646895.45
1317646895.55
1317646895.66
1317646895.76
1317646895.87
1317646895.97
1317646896.07
1317646896.18
1317646896.28
1317646896.38
1317646896.49
1317646896.59
1317646896.69
1317646896.8
1317646896.9
1317646897.01
1317646897.11
1317646897.21
1317646897.32
1317646897.42
1317646897.52
1317646897.63
1317646897.73
1317646897.83
1317646897.94
1317646898.04
1317646898.15
1317646898.25
1317646898.35
1317646898.46
1317646898.56
1317646898.66
1317646898.77
1317646898.87
1317646898.97
1317646899.08
1317646899.18
1317646899.29
1317646899.39
1317646899.49
1317646899.6
1317646899.7
1317646899.8
1317646899.91
1317646900.01
1317646900.12
1317646900.22
1317646900.32
1317646900.43
1317646900.53
1317646900.63
1317646900.74
1317646900.84
1317646900.94
1317646901.05
1317646901.15
1317646901.26
1317646901.36
1317646901.46
1317646901.57
1317646901.67
1317646901.77
1317646901.88
1317646901.98
1317646902.09
1317646902.19
1317646902.29
1317646902.4
1317646902.5
1317646902.6
1317646902.71
1317646902.81
1317646902.92
1317646903.02
1317646903.12
1317646903.23
1317646903.33
1317646903.43
1317646903.54
1317646903.64
1317646903.74
1317646903.85
1317646903.95
1317646904.05
1317646904.16
1317646904.26
1317646904.36
1317646904.47
1317646904.57
1317646904.67
1317646904.78
1317646904.88
1317646904.98
1317646905.09
1317646905.19
1317646905.29
1317646905.4
1317646905.5
1317646905.6
1317646905.71
1317646905.81
1317646905.92
1317646906.02
1317646906.12
1317646906.23
1317646906.33
1317646906.43
1317646906.54
1317646906.64
1317646906.75
1317646906.85
1317646906.95
1317646907.06
1317646907.16
1317646907.26
1317646907.37
1317646907.47
1317646907.57
1317646907.68
1317646907.78
1317646907.89
1317646907.99
1317646908.09
1317646908.2
1317646908.3
1317646908.4
1317646908.51
1317646908.61
1317646908.71
1317646908.82
1317646908.92
1317646909.03
1317646909.13
1317646909.23
1317646909.34
1317646909.44
1317646909.54
1317646909.65
1317646909.75
1317646909.85
1317646909.96
1317646910.06
1317646910.17
1317646910.27
1317646910.37
1317646910.48
1317646910.58
1317646910.68
1317646910.79
1317646910.89
1317646911.0
1317646911.1
1317646911.2
1317646911.31
1317646911.41
1317646911.51
1317646911.62
1317646911.72
1317646911.82
1317646911.93
1317646912.03
1317646912.13
1317646912.24
1317646912.34
1317646912.45
1317646912.55
1317646912.65
1317646912.76
1317646912.86
1317646912.96
1317646913.07
1317646913.17
1317646913.28
1317646913.38
1317646913.48
1317646913.59
1317646913.69
1317646913.79
1317646913.9
1317646914.0
1317646914.1
1317646914.21
1317646914.31
1317646914.42
1317646914.52
1317646914.62
1317646914.73
1317646914.83
1317646914.93
1317646915.04
1317646915.14
1317646915.24
1317646915.35
1317646915.45
1317646915.55
1317646915.66
1317646915.76
1317646915.86
1317646915.97
1317646916.07
1317646916.17
1317646916.28
1317646916.38
1317646916.48
1317646916.59
1317646916.69
1317646916.79
1317646916.9
1317646917.0
1317646917.1
1317646917.21
1317646917.31
1317646917.42
1317646917.52
1317646917.62
1317646917.73
1317646917.83
1317646917.94
1317646918.04
1317646918.14
1317646918.25
1317646918.35
1317646918.46
1317646918.56
1317646918.66
1317646918.77
1317646918.87
1317646918.98
1317646919.08
1317646919.18
1317646919.29
1317646919.39
1317646919.5
1317646919.6
1317646919.7
1317646919.81
1317646919.91
1317646920.01
1317646920.12
1317646920.22
1317646920.33
1317646920.43
1317646920.53
1317646920.64
1317646920.74
1317646920.84
1317646920.95
1317646921.05
1317646921.15
1317646921.26
1317646921.36
1317646921.47
1317646921.57
1317646921.67
1317646921.78
1317646921.88
1317646921.98
1317646922.09
1317646922.19
1317646922.29
1317646922.4
1317646922.5
1317646922.61
1317646922.71
1317646922.81
1317646922.92
1317646923.02
1317646923.12
1317646923.23
1317646923.33
1317646923.43
1317646923.54
1317646923.64
1317646923.75
1317646923.85
1317646923.95
1317646924.06
1317646924.16
1317646924.26
1317646924.37
1317646924.47
1317646924.57
1317646924.68
1317646924.78
1317646924.89
1317646924.99
1317646925.09
1317646925.2
1317646925.3
1317646925.4
1317646925.51
1317646925.61
1317646925.71
1317646925.82
1317646925.92
1317646926.03
1317646926.13
1317646926.23
1317646926.34
1317646926.44
1317646926.54
1317646926.65
1317646926.75
1317646926.86
1317646926.96
1317646927.06
1317646927.17
1317646927.27
1317646927.37
1317646927.48
1317646927.58
1317646927.68
1317646927.79
1317646927.89
1317646928.0
1317646928.1
1317646928.2
1317646928.31
1317646928.41
1317646928.51
1317646928.62
1317646928.72
1317646928.82
1317646928.93
1317646929.03
1317646929.13
1317646929.24
1317646929.34
1317646929.45
1317646929.55
1317646929.65
1317646929.76
1317646929.86
1317646929.96
1317646930.07
1317646930.17
1317646930.27
1317646930.38
1317646930.48
1317646930.59
1317646930.69
1317646930.79
1317646930.9
1317646931.0
1317646931.1
1317646931.21
1317646931.31
1317646931.41
1317646931.52
1317646931.62
1317646931.73
1317646931.83
1317646931.93
1317646932.04
1317646932.14
1317646932.24
1317646932.35
1317646932.45
1317646932.56
1317646932.66
1317646932.76
1317646932.87
1317646932.97
1317646933.07
1317646933.18
1317646933.28
1317646933.38
1317646933.49
1317646933.59
1317646933.7
1317646933.8
1317646933.9
1317646934.01
1317646934.11
1317646934.21
1317646934.32
1317646934.42
1317646934.52
1317646934.63
1317646934.73
1317646934.84
1317646934.94
1317646935.04
1317646935.15
1317646935.25
1317646935.35
1317646935.46
1317646935.56
1317646935.66
1317646935.77
1317646935.87
1317646935.98
1317646936.08
1317646936.18
1317646936.29
1317646936.39
1317646936.49
1317646936.6
1317646936.7
1317646936.8
1317646936.91
1317646937.01
1317646937.12
1317646937.22
1317646937.32
1317646937.43
1317646937.53
1317646937.63
1317646937.74
1317646937.84
1317646937.94
1317646938.05
1317646938.15
1317646938.26
1317646938.36
1317646938.46
1317646938.57
1317646938.67
1317646938.77
1317646938.88
1317646938.98
1317646939.09
1317646939.19
1317646939.29
1317646939.4
1317646939.5
1317646939.6
1317646939.71
1317646939.81
1317646939.91
1317646940.02
1317646940.12
1317646940.23
1317646940.33
1317646940.43
1317646940.54
1317646940.64
1317646940.74
1317646940.85
1317646940.95
1317646941.05
1317646941.16
1317646941.26
1317646941.36
1317646941.47
1317646941.57
1317646941.68
1317646941.78
1317646941.88
1317646941.99
1317646942.09
1317646942.19
1317646942.3
1317646942.4
1317646942.51
1317646942.61
1317646942.71
1317646942.82
1317646942.92
1317646943.02
1317646943.13
1317646943.23
1317646943.34
1317646943.44
1317646943.54
1317646943.65
1317646943.75
1317646943.85
1317646943.96
1317646944.06
1317646944.16
1317646944.27
1317646944.37
1317646944.47
1317646944.58
1317646944.68
1317646944.78
1317646944.89
1317646944.99
1317646945.09
1317646945.2
1317646945.3
1317646945.4
1317646945.51
1317646945.61
1317646945.71
1317646945.82
1317646945.92
1317646946.03
1317646946.13
1317646946.23
1317646946.34
1317646946.44
1317646946.54
1317646946.65
1317646946.75
1317646946.85
1317646946.96
1317646947.06
1317646947.17
1317646947.27
1317646947.37
1317646947.48
1317646947.58
1317646947.68
1317646947.79
1317646947.89
1317646948.0
1317646948.1
1317646948.2
1317646948.31
1317646948.41
1317646948.51
1317646948.62
1317646948.72
1317646948.83
1317646948.93
1317646949.03
1317646949.14
1317646949.24
1317646949.34
1317646949.45
1317646949.55
1317646949.65
1317646949.76
1317646949.86
1317646949.97
1317646950.07
1317646950.17
1317646950.28
1317646950.38
1317646950.48
1317646950.59
1317646950.69
1317646950.79
1317646950.9
1317646951.0
1317646951.11
1317646951.21
1317646951.31
1317646951.42
1317646951.52
1317646951.62
1317646951.73
1317646951.83
1317646951.93
1317646952.04
1317646952.14
1317646952.25
1317646952.35
1317646952.45
1317646952.56
1317646952.66
1317646952.76
1317646952.87
1317646952.97
1317646953.07
1317646953.18
1317646953.28
1317646953.39
1317646953.49
1317646953.59
1317646953.7
1317646953.8
1317646953.9
1317646954.01
1317646954.11
1317646954.21
1317646954.32
1317646954.42
1317646954.52
1317646954.63
1317646954.73
1317646954.84
1317646954.94
1317646955.04
1317646955.15
1317646955.25
1317646955.35
1317646955.46
1317646955.56
1317646955.66
1317646955.77
1317646955.87
1317646955.98
1317646956.08
1317646956.18
1317646956.29
1317646956.39
1317646956.49
1317646956.6
1317646956.7
1317646956.8
1317646956.91
1317646957.01
1317646957.11
1317646957.22
1317646957.32
1317646957.43
1317646957.53
1317646957.63
1317646957.74
1317646957.84
1317646957.94
1317646958.05
1317646958.15
1317646958.25
1317646958.36
1317646958.46
1317646958.57
1317646958.67
1317646958.77
1317646958.88
1317646958.98
1317646959.08
1317646959.19
1317646959.29
1317646959.39
1317646959.5
1317646959.6
1317646959.71
1317646959.81
1317646959.91
1317646960.02
1317646960.12
1317646960.22
1317646960.33
1317646960.43
1317646960.53
1317646960.64
1317646960.74
1317646960.85
1317646960.95
1317646961.05
1317646961.16
1317646961.26
1317646961.36
1317646961.47
1317646961.57
1317646961.67
1317646961.78
1317646961.88
1317646961.99
1317646962.09
1317646962.19
1317646962.3
1317646962.4
1317646962.5
1317646962.61
1317646962.71
1317646962.81
1317646962.92
1317646963.02
1317646963.12
1317646963.23
1317646963.33
1317646963.44
1317646963.54
1317646963.64
1317646963.75
1317646963.85
1317646963.95
1317646964.06
1317646964.16
1317646964.26
1317646964.37
1317646964.47
1317646964.58
1317646964.68
1317646964.78
1317646964.89
1317646964.99
1317646965.09
1317646965.2
1317646965.3
1317646965.4
1317646965.51
1317646965.61
1317646965.72
1317646965.82
1317646965.92
1317646966.03
1317646966.13
1317646966.23
1317646966.34
1317646966.44
1317646966.54
1317646966.65
1317646966.75
1317646966.86
1317646966.96
1317646967.06
1317646967.17
1317646967.27
1317646967.37
1317646967.48
1317646967.58
1317646967.68
1317646967.79
1317646967.89
1317646968.0
1317646968.1
1317646968.2
1317646968.31
1317646968.41
1317646968.51
1317646968.62
1317646968.72
1317646968.82
1317646968.93
1317646969.03
1317646969.13
1317646969.24
1317646969.34
1317646969.45
1317646969.55
1317646969.65
1317646969.76
1317646969.86
1317646969.96
1317646970.07
1317646970.17
1317646970.28
1317646970.38
1317646970.48
1317646970.59
1317646970.69
1317646970.79
1317646970.9
1317646971.0
1317646971.1
1317646971.21
1317646971.31
1317646971.41
1317646971.52
1317646971.62
1317646971.73
1317646971.83
1317646971.93
1317646972.04
1317646972.14
1317646972.24
1317646972.35
1317646972.45
1317646972.56
1317646972.66
1317646972.76
1317646972.87
1317646972.97
1317646973.07
1317646973.18
1317646973.28
1317646973.38
1317646973.49
1317646973.59
1317646973.7
1317646973.8
1317646973.9
1317646974.01
1317646974.11
1317646974.21
1317646974.32
1317646974.42
1317646974.52
1317646974.63
1317646974.73
1317646974.84
1317646974.94
1317646975.04
1317646975.15
1317646975.25
1317646975.35
1317646975.46
1317646975.56
1317646975.66
1317646975.77
1317646975.87
1317646975.98
1317646976.08
1317646976.18
1317646976.29
1317646976.39
1317646976.49
1317646976.6
1317646976.7
1317646976.8
1317646976.91
1317646977.01
1317646977.11
1317646977.22
1317646977.32
1317646977.43
1317646977.53
1317646977.63
1317646977.74
1317646977.84
1317646977.94
1317646978.05
1317646978.15
1317646978.25
1317646978.36
1317646978.46
1317646978.57
1317646978.67
1317646978.77
1317646978.88
1317646978.98
1317646979.08
1317646979.19
1317646979.29
1317646979.39
1317646979.5
1317646979.6
1317646979.71
1317646979.81
1317646979.91
1317646980.02
1317646980.12
1317646980.22
1317646980.33
1317646980.43
1317646980.53
1317646980.64
1317646980.74
1317646980.85
1317646980.95
1317646981.05
1317646981.16
1317646981.26
1317646981.36
1317646981.47
1317646981.57
1317646981.67
1317646981.78
1317646981.88
1317646981.99
1317646982.09
1317646982.19
1317646982.3
1317646982.4
1317646982.5
1317646982.61
1317646982.71
1317646982.81
1317646982.92
1317646983.02
1317646983.13
1317646983.23
1317646983.33
1317646983.44
1317646983.54
1317646983.64
1317646983.75
1317646983.85
1317646983.95
1317646984.06
1317646984.16
1317646984.27
1317646984.37
1317646984.47
1317646984.58
1317646984.68
1317646984.78
1317646984.89
1317646984.99
1317646985.09
1317646985.2
1317646985.3
1317646985.41
1317646985.51
1317646985.61
1317646985.72
1317646985.82
1317646985.92
1317646986.03
1317646986.13
1317646986.23
1317646986.34
1317646986.44
1317646986.55
1317646986.65
1317646986.75
1317646986.86
1317646986.96
1317646987.06
1317646987.17
1317646987.27
1317646987.37
1317646987.48
1317646987.58
1317646987.68
1317646987.79
1317646987.89
1317646987.99
1317646988.1
1317646988.2
1317646988.31
1317646988.41
1317646988.51
1317646988.62
1317646988.72
1317646988.82
1317646988.93
1317646989.03
1317646989.14
1317646989.24
1317646989.34
1317646989.45
1317646989.55
1317646989.65
1317646989.76
1317646989.86
1317646989.97
1317646990.07
1317646990.17
1317646990.28
1317646990.38
1317646990.49
1317646990.59
1317646990.69
1317646990.8
1317646990.9
1317646991.0
1317646991.11
1317646991.21
1317646991.31
1317646991.42
1317646991.52
1317646991.63
1317646991.73
1317646991.83
1317646991.94
1317646992.04
1317646992.14
1317646992.25
1317646992.35
1317646992.45
1317646992.56
1317646992.66
1317646992.77
1317646992.87
1317646992.97
1317646993.08
1317646993.18
1317646993.28
1317646993.39
1317646993.49
1317646993.59
1317646993.7
1317646993.8
1317646993.9
1317646994.01
1317646994.11
1317646994.21
1317646994.32
1317646994.42
1317646994.53
1317646994.63
1317646994.73
1317646994.84
1317646994.94
1317646995.04
1317646995.15
1317646995.25
1317646995.35
1317646995.46
1317646995.56
1317646995.66
1317646995.77
1317646995.87
1317646995.98
1317646996.08
1317646996.18
1317646996.29
1317646996.39
1317646996.49
1317646996.6
1317646996.7
1317646996.8
1317646996.91
1317646997.01
1317646997.12
1317646997.22
1317646997.32
1317646997.43
1317646997.53
1317646997.63
1317646997.74
1317646997.84
1317646997.95
1317646998.05
1317646998.15
1317646998.26
1317646998.36
1317646998.46
1317646998.57
1317646998.67
1317646998.78
1317646998.88
1317646998.98
1317646999.09
1317646999.19
1317646999.29
1317646999.4
1317646999.5
1317646999.6
1317646999.71
1317646999.81
1317646999.92
1317647000.02
1317647000.12
1317647000.23
1317647000.33
1317647000.43
1317647000.54
1317647000.64
1317647000.74
1317647000.85
1317647000.95
1317647001.06
1317647001.16
1317647001.26
1317647001.37
1317647001.47
1317647001.57
1317647001.68
1317647001.78
1317647001.88
1317647001.99
1317647002.09
1317647002.2
1317647002.3
1317647002.4
1317647002.51
1317647002.61
1317647002.71
1317647002.82
1317647002.92
1317647003.02
1317647003.13
1317647003.23
1317647003.34
1317647003.44
1317647003.54
1317647003.65
1317647003.75
1317647003.85
1317647003.96
1317647004.06
1317647004.16
1317647004.27
1317647004.37
1317647004.48
1317647004.58
1317647004.68
1317647004.79
1317647004.89
1317647004.99
1317647005.1
1317647005.2
1317647005.3
1317647005.41
1317647005.51
